5 7 19 1 5 15 0 91.0496 False
5 7 19 1 5 15 0 90.5011 False
5 7 19 1 19 15 0 91.311 False
5 7 19 4 19 15 0 90.8559 False
5 7 19 4 19 15 0 89.3647 False
5 7 19 5 19 15 0 64.3342 False
5 7 19 1 19 15 0 89.5607 False
5 7 19 1 19 15 0 91.0021 False
5 7 19 1 19 15 0 89.1398 False
5 7 19 1 19 15 0 89.1127 False
5 7 19 1 19 19 0 76.8411 False
5 7 19 1 19 19 0 76.2762 False
5 7 19 1 19 15 0 90.6973 False
14 20 54 1 13 54 0 2466.3499 False
14 20 54 1 13 54 0 97.8654 True
14 20 54 0 13 54 0 113.518 True
14 20 54 0 13 54 0 118.8166 True
14 20 54 0 13 54 0 102.0946 True
14 20 54 0 13 54 0 113.247 True
14 20 54 0 13 54 0 97.9899 True
14 20 54 0 13 54 0 100.9648 True
14 20 54 0 13 54 0 108.388 True
14 20 54 0 13 54 0 282.1057 True
14 20 54 0 13 54 0 149.0743 True
14 20 54 0 13 54 0 140.8272 True
14 20 54 0 13 54 0 144.5119 True
14 20 54 0 13 54 0 218.509 True
14 20 54 0 13 54 0 206.0009 True
14 20 54 0 13 54 0 215.0418 True
14 20 54 0 13 54 0 1072.5884 True
14 20 54 0 13 44 0 1071.8579 True
5 7 19 1 4 15 0 119.8151 True
5 7 19 1 4 15 0 415.4559 True
5 7 19 1 4 15 0 86.921 True
5 7 19 1 4 15 0 113.0043 True
5 7 19 1 4 15 0 84.5771 True
5 7 19 1 4 15 0 73.9958 False
5 7 19 1 4 15 0 76.0625 False
5 7 19 1 4 15 0 118.7573 True
5 7 19 1 4 15 0 108.1603 True
5 7 19 1 4 15 0 360.9081 True
5 7 19 1 4 14 0 173.5212 True
5 7 19 1 4 14 0 204.0505 True
5 7 19 1 4 14 0 168.1432 True
5 7 19 1 4 15 15 93.4204 False
5 7 19 1 4 15 4 84.061 False
5 7 19 1 4 15 0 84.2106 False
5 7 19 1 4 15 0 128.824 True
5 7 19 1 4 15 0 126.2748 True
5 7 19 1 4 15 1 102.474 True
5 7 19 1 4 15 1 96.4842 True
5 7 19 1 4 15 0 120.9559 True
5 7 19 1 4 15 1 115.2874 True
5 7 19 1 4 19 0 907.4205 True
5 7 19 1 4 19 0 96.6415 True
5 7 19 1 4 19 0 706.8023 True
5 7 19 1 4 19 0 708.3845 True
14 20 54 0 13 54 0 1986.487 True
14 20 54 0 13 44 0 1023.5321 True
5 7 19 1 4 17 0 246.6383 True
5 7 19 1 4 17 0 130.1651 True
5 7 19 1 4 19 2 102.8646 True
5 7 19 1 4 19 2 140.184 True
5 7 19 1 4 15 0 416.5163 True
5 7 19 1 4 15 0 101.051 True
5 7 19 1 4 15 0 125.3319 True
5 7 19 1 1 19 0 380.2926 True
14 20 54 0 1 54 0 2115.7899 True
14 20 54 0 1 54 0 2531.7359 True
5 7 19 1 1 19 0 169.4455 True
5 7 19 1 1 19 0 301.756 True
14 20 10 0 1 54 0 384.0345 True
14 20 5 0 14 54 0 844.6984 True
14 20 7 0 14 54 0 795.2701 True
14 20 8 0 14 54 0 1084.1016 True
5 7 5 1 5 19 0 124.6214 False
5 7 10 1 5 19 0 207.3805 True
5 7 6 1 5 19 0 104.2497 False
5 7 7 1 5 19 0 162.2724 True
5 7 7 1 5 15 0 138.2533 True
5 7 10 1 5 15 0 253.459 True
5 7 8 1 5 15 0 164.2748 True
5 7 5 1 5 15 0 159.0631 True
5 7 7 1 5 15 0 156.0845 True
14 20 5 0 1 54 0 337.2599 True
14 20 7 0 1 54 0 696.9729 True
14 20 14 0 13 54 0 10501.2457 True
14 20 54 0 13 54 0 1591.2471 True
14 20 54 0 13 54 0 47541.9156 True
14 20 54 0 13 54 0 2288.7738 True
30 41 112 0 1 112 0 1917.1349 True
30 41 112 0 30 112 0 7116.1438 True
14 20 10 0 13 54 0 555.566 True
14 20 20 0 13 54 0 390.9518 True
14 20 10 0 13 54 0 1880.3709 True
14 20 8 0 13 54 0 1254.0527 True
14 20 10 0 13 54 0 505.8619 True
14 20 12 0 13 54 0 1315.6616 True
5 7 19 1 5 19 0 1743.8894 True
5 7 5 1 5 19 0 101.1258 False
5 7 7 1 5 19 0 153.6442 True
5 7 1 1 5 19 0 98.0951 False
5 7 1 1 5 19 0 141.2964 False
5 7 1 1 5 19 0 147.8988 False
14 20 20 0 13 54 0 2552.6546 True
14 20 25 0 13 54 0 1091.2047 True
14 20 25 0 13 54 0 1371.6512 True
14 20 25 0 13 54 0 2313.8531 True
14 20 25 0 13 54 0 4120.5828 True
14 20 25 0 13 54 0 7300.4396 True
14 20 25 0 13 54 0 118.2849 False
14 20 25 0 13 54 0 125.6365 False
14 20 25 0 13 54 0 7846.9314 True
14 20 25 0 13 54 0 7696.0325 True
14 20 25 0 13 54 0 7678.2719 True
14 20 25 0 13 54 0 8309.3683 True
14 20 54 0 13 54 0 6137.9718 True
14 20 54 0 13 54 0 113.6164 False
14 20 54 0 13 54 0 9159.0489 True
14 20 54 0 13 54 0 59809.3855 True
14 20 54 0 13 54 0 2379.87 True
14 20 54 0 13 54 0 10038.0001 True
14 20 54 0 13 54 0 4095.2882 True
14 20 54 0 13 54 0 536.5569 True
14 20 54 0 13 54 0 538.687 True
14 20 54 0 13 54 0 3598.8748 True
14 20 54 0 13 54 0 3729.9632 True
14 20 54 0 13 54 0 3736.5456 True
14 20 54 0 13 54 0 3673.0125 True
14 20 54 0 13 54 0 8101.6854 True
14 20 40 0 13 54 0 7337.023 True
30 41 25 0 29 112 0 6382.629 True
14 20 25 0 13 54 0 1139.7983 True
14 20 30 0 13 54 0 5195.2616 True
14 20 50 0 13 54 0 8546.4389 True
30 41 50 0 29 112 0 17623.4051 True
57 80 25 0 56 217 0 19299.7679 True
14 20 25 0 13 54 0 1202.5828 True
